artist_name,artist_url,event_venue.latitude,event_venue.city,event_datetime,event_venue.region,event_venue.id,event_venue.url,event_id,event_venue.name,event_venue.longitude,event_url
The Sounds,http://www.bandsintown.com/TheSounds,46.522385,Lausanne,2009-12-01T20:30:00,Switzerland,289098,http://www.bandsintown.com/venue/289098,3086726,Le Docks,6.61819,http://www.bandsintown.com/event/3086726?app_id=epfl
Émilie Simon,http://www.bandsintown.com/%C3%89milieSimon,46.194679,Thônex,2009-12-01T20:30:00,Switzerland,328374,http://www.bandsintown.com/venue/328374,3041518,Salle des fêtes de Thônex,6.204396,http://www.bandsintown.com/event/3041518?app_id=epfl
The Maccabees,http://www.bandsintown.com/TheMaccabees,46.941822,Berne,2009-12-01T20:00:00,Switzerland,727502,http://www.bandsintown.com/venue/727502,2973313,Bern Bierhubeli,7.406148,http://www.bandsintown.com/event/2973313?app_id=epfl
Silversun Pickups,http://www.bandsintown.com/SilversunPickups,47.4116099,Zurich,2009-12-01T19:00:00,,771843,http://www.bandsintown.com/venue/771843,2950725,"Hallenstadion, Zurich",8.5516563,http://www.bandsintown.com/event/2950725?app_id=epfl
Placebo,http://www.bandsintown.com/Placebo,47.410675,Zurich,2009-12-01T19:30:00,25,170002,http://www.bandsintown.com/venue/170002,3202211,Hallenstadion,8.552307,http://www.bandsintown.com/event/3202211?app_id=epfl
Efterklang,http://www.bandsintown.com/Efterklang,47.343448,Zurich,2009-12-01T20:00:00,25,772420,http://www.bandsintown.com/venue/772420,3106403,Rote fabrik,8.535557,http://www.bandsintown.com/event/3106403?app_id=epfl
U.D.O.,http://www.bandsintown.com/U.D.O.,47.5666667,Basel,2009-12-01T20:00:00,04,747119,http://www.bandsintown.com/venue/747119,3116650,Konzertfabrik Z7,7.6,http://www.bandsintown.com/event/3116650?app_id=epfl
Valient Thorr,http://www.bandsintown.com/ValientThorr,46.850211,Chur,2009-12-01T19:00:00,Switzerland,767804,http://www.bandsintown.com/venue/767804,3083189,Safari Beat Club,9.531188,http://www.bandsintown.com/event/3083189?app_id=epfl
Scout Niblett,http://www.bandsintown.com/ScoutNiblett,46.8615737,Düdingen,2009-12-02T19:00:00,Canton Of Fribourg,323397,http://www.bandsintown.com/venue/323397,3100224,Bad Bonn,7.1801778,http://www.bandsintown.com/event/3100224?app_id=epfl
Portugal. The Man,http://www.bandsintown.com/Portugal.TheMan,46.8615737,Düdingen,2009-12-02T19:00:00,Canton Of Fribourg,323397,http://www.bandsintown.com/venue/323397,3100224,Bad Bonn,7.1801778,http://www.bandsintown.com/event/3100224?app_id=epfl
A Place to Bury Strangers,http://www.bandsintown.com/APlaceToBuryStrangers,46.519894,Lausanne,2009-12-02T19:00:00,Etr,794948,http://www.bandsintown.com/venue/794948,3092433,Le Romandie,6.632625,http://www.bandsintown.com/event/3092433?app_id=epfl
The Temper Trap,http://www.bandsintown.com/TheTemperTrap,47.362215,Zurich,2009-12-02T19:00:00,Switzerland,48122,http://www.bandsintown.com/venue/48122,3061509,Abart,8.522239,http://www.bandsintown.com/event/3061509?app_id=epfl
Itchy Poopzkid,http://www.bandsintown.com/ItchyPoopzkid,47.477866,Gallenkirch,2009-12-02T20:00:00,Switzerland,507985,http://www.bandsintown.com/venue/507985,2989072,Grabenhalle,8.12975,http://www.bandsintown.com/event/2989072?app_id=epfl
Evermore,http://www.bandsintown.com/Evermore,47.410675,Zurich,2009-12-02T20:00:00,25,170002,http://www.bandsintown.com/venue/170002,2951216,Hallenstadion,8.552307,http://www.bandsintown.com/event/2951216?app_id=epfl
Pink,http://www.bandsintown.com/Pink,47.410675,Zurich,2009-12-02T20:00:00,25,170002,http://www.bandsintown.com/venue/170002,2951216,Hallenstadion,8.552307,http://www.bandsintown.com/event/2951216?app_id=epfl
Valient Thorr,http://www.bandsintown.com/ValientThorr,47.494678,Winterthur,2009-12-02T20:00:00,Switzerland,45985,http://www.bandsintown.com/venue/45985,3083190,Gaswerk,8.70794,http://www.bandsintown.com/event/3083190?app_id=epfl
A Wilhelm Scream,http://www.bandsintown.com/AWilhelmScream,47.383297,Zurich,2009-12-02T20:00:00,Etr,594255,http://www.bandsintown.com/venue/594255,3071435,Dynamo,8.539312,http://www.bandsintown.com/event/3071435?app_id=epfl
MICHEL BUEHLER,http://www.bandsintown.com/MichelBuehler,46.515198,Morges,2009-12-03T19:00:00,Switzerland,699717,http://www.bandsintown.com/venue/699717,3160838,Théâtre de Beausobre,6.498757,http://www.bandsintown.com/event/3160838?app_id=epfl
GERARD DARMON,http://www.bandsintown.com/GerardDarmon,46.792774,Villars-Sur-GlÂne,2009-12-03T19:00:00,Etr,781644,http://www.bandsintown.com/venue/781644,3160916,NUITHONIE,7.127675,http://www.bandsintown.com/event/3160916?app_id=epfl
Lhasa,http://www.bandsintown.com/Lhasa,46.2012,Geneve,2009-12-03T19:00:00,Etr,169960,http://www.bandsintown.com/venue/169960,3158625,VICTORIA HALL,6.141799,http://www.bandsintown.com/event/3158625?app_id=epfl
The Johnny Thompson Singers,http://www.bandsintown.com/TheJohnnyThompsonSingers,46.21603,ChâTelaine,2009-12-03T19:00:00,Switzerland,781618,http://www.bandsintown.com/venue/781618,3160729,PAROISSE SAINT PIE X,6.116866,http://www.bandsintown.com/event/3160729?app_id=epfl
Alice in Chains,http://www.bandsintown.com/AliceInChains,46.79489,Fribourg,2009-12-03T19:00:00,Etr,275156,http://www.bandsintown.com/venue/275156,3081714,Fri-Son,7.151038,http://www.bandsintown.com/event/3081714?app_id=epfl
Gerald Dahan,http://www.bandsintown.com/GeraldDahan,46.194679,Thônex,2009-12-03T20:30:00,Switzerland,328374,http://www.bandsintown.com/venue/328374,3263994,Salle des fêtes de Thônex,6.204396,http://www.bandsintown.com/event/3263994?app_id=epfl
The Dodos,http://www.bandsintown.com/TheDodos,46.948432,Berne,2009-12-03T19:00:00,,80385,http://www.bandsintown.com/venue/80385,3173686,ISC,7.440461,http://www.bandsintown.com/event/3173686?app_id=epfl
Scout Niblett,http://www.bandsintown.com/ScoutNiblett,47.3882217,Zurich,2009-12-03T19:00:00,ZH,697731,http://www.bandsintown.com/venue/697731,3100225,Exil,8.5194702,http://www.bandsintown.com/event/3100225?app_id=epfl
Evermore,http://www.bandsintown.com/Evermore,47.410675,Zurich,2009-12-03T20:00:00,25,170002,http://www.bandsintown.com/venue/170002,2951217,Hallenstadion,8.552307,http://www.bandsintown.com/event/2951217?app_id=epfl
Pink,http://www.bandsintown.com/Pink,47.410675,Zurich,2009-12-03T20:00:00,25,170002,http://www.bandsintown.com/venue/170002,2951217,Hallenstadion,8.552307,http://www.bandsintown.com/event/2951217?app_id=epfl
Sunrise Avenue,http://www.bandsintown.com/SunriseAvenue,47.503425,Winterthur,2009-12-03T20:00:00,,773094,http://www.bandsintown.com/venue/773094,3108669,Eulachhallen,8.712055,http://www.bandsintown.com/event/3108669?app_id=epfl
Ninja Tune,http://www.bandsintown.com/NinjaTune,47.343448,Zurich,2009-12-03T20:00:00,25,772420,http://www.bandsintown.com/venue/772420,3247174,Rote fabrik,8.535557,http://www.bandsintown.com/event/3247174?app_id=epfl
Efterklang,http://www.bandsintown.com/Efterklang,47.5666667,Basel,2009-12-03T20:00:00,04,746890,http://www.bandsintown.com/venue/746890,3017200,1. stock,7.6,http://www.bandsintown.com/event/3017200?app_id=epfl
Punks Jump Up,http://www.bandsintown.com/PunksJumpUp,47.3853683,Zurich,2009-12-03T23:00:00,ZH,547907,http://www.bandsintown.com/venue/547907,2923234,Hive Club,8.5204697,http://www.bandsintown.com/event/2923234?app_id=epfl
TROCK'TOUR 09,http://www.bandsintown.com/Trock%27tour09,46.472145,Vevey,2009-12-04T19:00:00,Etr,306332,http://www.bandsintown.com/venue/306332,3159175,ROCKING CHAIR,6.851925,http://www.bandsintown.com/event/3159175?app_id=epfl
Alain Souchon,http://www.bandsintown.com/AlainSouchon,46.233597,Geneve,2009-12-04T20:00:00,Etr,798119,http://www.bandsintown.com/venue/798119,3107959,ARENA DE GENEVE,6.112283,http://www.bandsintown.com/event/3107959?app_id=epfl
7L & Esoteric,http://www.bandsintown.com/7lAndEsoteric,46.203995,Geneve,2009-12-04T20:00:00,Etr,753617,http://www.bandsintown.com/venue/753617,3253480,USINE,6.136277,http://www.bandsintown.com/event/3253480?app_id=epfl
Laura Gibson,http://www.bandsintown.com/LauraGibson,46.9,Rubigen,2009-12-04T19:00:00,05,293619,http://www.bandsintown.com/venue/293619,3022475,Muhle Hunziken,7.5333333,http://www.bandsintown.com/event/3022475?app_id=epfl
Itchy Poopzkid,http://www.bandsintown.com/ItchyPoopzkid,47.2333333,Solothurn,2009-12-04T20:00:00,18,280400,http://www.bandsintown.com/venue/280400,3027666,Kofmehl Halle,7.5166667,http://www.bandsintown.com/event/3027666?app_id=epfl
Billy Talent,http://www.bandsintown.com/BillyTalent,47.4956551,Winterthur,2009-12-04T18:00:00,25,169998,http://www.bandsintown.com/venue/169998,2950735,Eishalle Duetwag,8.7484798,http://www.bandsintown.com/event/2950735?app_id=epfl
Cancer Bats,http://www.bandsintown.com/CancerBats,47.4956551,Winterthur,2009-12-04T18:00:00,25,169998,http://www.bandsintown.com/venue/169998,2950735,Eishalle Duetwag,8.7484798,http://www.bandsintown.com/event/2950735?app_id=epfl
The Black Heart Procession,http://www.bandsintown.com/TheBlackHeartProcession,47.3833333,Aarau,2009-12-04T19:00:00,01,306294,http://www.bandsintown.com/venue/306294,3100206,Flosserplatz,8.05,http://www.bandsintown.com/event/3100206?app_id=epfl
Savio Rego,http://www.bandsintown.com/SavioRego,46.624369,Grindelwald,2009-12-04T20:00:00,Switzerland,787747,http://www.bandsintown.com/venue/787747,3207940,Hotel Spinne,8.034633,http://www.bandsintown.com/event/3207940?app_id=epfl
Patricia Kaas,http://www.bandsintown.com/PatriciaKaas,47.5680389,Basel,2009-12-04T20:00:00,BS,746550,http://www.bandsintown.com/venue/746550,3010596,Musical Theater,7.59798,http://www.bandsintown.com/event/3010596?app_id=epfl
Ziggi,http://www.bandsintown.com/Ziggi,47.3666667,Zurich,2009-12-04T20:00:00,25,805416,http://www.bandsintown.com/venue/805416,3251594,Chrystal Lounge,8.55,http://www.bandsintown.com/event/3251594?app_id=epfl
Efterklang,http://www.bandsintown.com/Efterklang,47.3944206,Aarau,2009-12-04T20:00:00,AG,746891,http://www.bandsintown.com/venue/746891,3017202,Floesserplatz,8.04142,http://www.bandsintown.com/event/3017202?app_id=epfl
Balkan Beat Box,http://www.bandsintown.com/BalkanBeatBox,47.383297,Zurich,2009-12-04T22:00:00,Etr,594255,http://www.bandsintown.com/venue/594255,3181839,Dynamo,8.539312,http://www.bandsintown.com/event/3181839?app_id=epfl
Dory,http://www.bandsintown.com/Dory,47.0833333,Luzern,2009-12-04T23:00:00,11,793701,http://www.bandsintown.com/venue/793701,3196400,Das Weisse Schaf,8.2666667,http://www.bandsintown.com/event/3196400?app_id=epfl
The Temper Trap,http://www.bandsintown.com/TheTemperTrap,46.79489,Fribourg,2009-12-05T19:00:00,Etr,275156,http://www.bandsintown.com/venue/275156,3061511,Fri-Son,7.151038,http://www.bandsintown.com/event/3061511?app_id=epfl
Sleepy Sun,http://www.bandsintown.com/SleepySun,46.8615737,Düdingen,2009-12-05T19:00:00,Canton Of Fribourg,323397,http://www.bandsintown.com/venue/323397,3160108,Bad Bonn,7.1801778,http://www.bandsintown.com/event/3160108?app_id=epfl
AZIZA MUSTAFA ZADEH TRIO,http://www.bandsintown.com/AzizaMustafaZadehTrio,46.2045212,Genève,2009-12-05T19:00:00,07,772940,http://www.bandsintown.com/venue/772940,3158578,Bfm,6.1372696,http://www.bandsintown.com/event/3158578?app_id=epfl
Julian Marley,http://www.bandsintown.com/JulianMarley,46.52087,Lausanne,2009-12-05T19:00:00,Etr,781376,http://www.bandsintown.com/venue/781376,3160394,D! CLUB,6.63175,http://www.bandsintown.com/event/3160394?app_id=epfl
Latcho Drom,http://www.bandsintown.com/LatchoDrom,46.512085,Pully,2009-12-05T19:00:00,Etr,781047,http://www.bandsintown.com/venue/781047,3158417,THEATRE DE L'OCTOGONE,6.660064,http://www.bandsintown.com/event/3158417?app_id=epfl
OrelSan,http://www.bandsintown.com/OrelSan,46.522385,Lausanne,2009-12-05T19:00:00,Switzerland,289098,http://www.bandsintown.com/venue/289098,3159971,Le Docks,6.61819,http://www.bandsintown.com/event/3159971?app_id=epfl
Sideburn,http://www.bandsintown.com/Sideburn,46.781797,Cheseaux-Noréaz,2009-12-05T19:00:00,Switzerland,169999,http://www.bandsintown.com/venue/169999,3159991,Amalgame Club,6.67119,http://www.bandsintown.com/event/3159991?app_id=epfl
Sanseverino,http://www.bandsintown.com/Sanseverino,46.194679,Thônex,2009-12-05T19:00:00,Switzerland,328374,http://www.bandsintown.com/venue/328374,3161079,Salle des fêtes de Thônex,6.204396,http://www.bandsintown.com/event/3161079?app_id=epfl
David Vendetta,http://www.bandsintown.com/DavidVendetta,46.208358,Geneva,2009-12-05T23:45:00,Switzerland,404169,http://www.bandsintown.com/venue/404169,3209232,Bypass,6.142701,http://www.bandsintown.com/event/3209232?app_id=epfl
The Moon,http://www.bandsintown.com/TheMoon,47.391269,Lenzburg,2009-12-05T19:00:00,Switzerland,792239,http://www.bandsintown.com/venue/792239,3223068,Met Bar,8.18035,http://www.bandsintown.com/event/3223068?app_id=epfl
The Nightspirit,http://www.bandsintown.com/TheNightspirit,47.391269,Lenzburg,2009-12-05T19:00:00,Switzerland,792239,http://www.bandsintown.com/venue/792239,3223068,Met Bar,8.18035,http://www.bandsintown.com/event/3223068?app_id=epfl
Blaze,http://www.bandsintown.com/Blaze,47.52729,Pratteln,2009-12-05T19:00:00,Etr,781432,http://www.bandsintown.com/venue/781432,3161175,Z7 Konzertfabrik,7.694064,http://www.bandsintown.com/event/3161175?app_id=epfl
Savio Rego,http://www.bandsintown.com/SavioRego,46.624369,Grindelwald,2009-12-05T20:00:00,Switzerland,787747,http://www.bandsintown.com/venue/787747,3181583,Hotel Spinne,8.034633,http://www.bandsintown.com/event/3181583?app_id=epfl
Misery Speaks,http://www.bandsintown.com/MiserySpeaks,47.356038,Oberentfelden,2009-12-05T20:00:00,Switzerland,740113,http://www.bandsintown.com/venue/740113,2998067,Börömpömpöm + support,8.046656,http://www.bandsintown.com/event/2998067?app_id=epfl
Chairlift,http://www.bandsintown.com/Chairlift,47.54874,Basel-City,2009-12-05T20:00:00,Switzerland,807215,http://www.bandsintown.com/venue/807215,3255123,FOUNTAIN ART FAIR,7.58768,http://www.bandsintown.com/event/3255123?app_id=epfl
Udo Jürgens,http://www.bandsintown.com/UdoJ%C3%BCrgens,47.410675,Zurich,2009-12-05T20:00:00,25,170002,http://www.bandsintown.com/venue/170002,2015065,Hallenstadion,8.552307,http://www.bandsintown.com/event/2015065?app_id=epfl
Editors,http://www.bandsintown.com/Editors,47.3666667,Zurich,2009-12-05T20:00:00,25,275159,http://www.bandsintown.com/venue/275159,2952032,X-tra,8.55,http://www.bandsintown.com/event/2952032?app_id=epfl
The Maccabees,http://www.bandsintown.com/TheMaccabees,47.3666667,Zurich,2009-12-05T20:00:00,25,275159,http://www.bandsintown.com/venue/275159,2952032,X-tra,8.55,http://www.bandsintown.com/event/2952032?app_id=epfl
Celph Titled,http://www.bandsintown.com/CelphTitled,47.383297,Zurich,2009-12-05T20:00:00,Etr,594255,http://www.bandsintown.com/venue/594255,3092840,Dynamo,8.539312,http://www.bandsintown.com/event/3092840?app_id=epfl
Apathy,http://www.bandsintown.com/Apathy,47.383297,Zurich,2009-12-05T20:00:00,Etr,594255,http://www.bandsintown.com/venue/594255,3092840,Dynamo,8.539312,http://www.bandsintown.com/event/3092840?app_id=epfl
7L & Esoteric,http://www.bandsintown.com/7lAndEsoteric,47.383297,Zurich,2009-12-05T20:00:00,Etr,594255,http://www.bandsintown.com/venue/594255,3092840,Dynamo,8.539312,http://www.bandsintown.com/event/3092840?app_id=epfl
Biffy Clyro,http://www.bandsintown.com/BiffyClyro,47.3666667,Zurich,2009-12-05T20:00:00,25,727308,http://www.bandsintown.com/venue/727308,2972895,Zurich Mascotte,8.55,http://www.bandsintown.com/event/2972895?app_id=epfl
Efterklang,http://www.bandsintown.com/Efterklang,47.04258,Lucerne,2009-12-05T20:00:00,Switzerland,309955,http://www.bandsintown.com/venue/309955,3017201,Treibhaus,8.319649,http://www.bandsintown.com/event/3017201?app_id=epfl
Udo J&uuml;rgens,http://www.bandsintown.com/UdoJanduuml%3Brgens,47.4116099,Zurich,2009-12-05T20:00:00,,771843,http://www.bandsintown.com/venue/771843,3105271,"Hallenstadion, Zurich",8.5516563,http://www.bandsintown.com/event/3105271?app_id=epfl
moonplain,http://www.bandsintown.com/moonplain,47.640419,Kreuzlingen,2009-12-05T21:00:00,Switzerland,806981,http://www.bandsintown.com/venue/806981,3254672,T.O.M. temple of music,9.17303,http://www.bandsintown.com/event/3254672?app_id=epfl
POW-LOW,http://www.bandsintown.com/POW-LOW,47.516032,Winterthur,2009-12-05T22:00:00,,791907,http://www.bandsintown.com/venue/791907,3190093,Reaktor Club,8.720719,http://www.bandsintown.com/event/3190093?app_id=epfl
Marc Romboy,http://www.bandsintown.com/MarcRomboy,47.412958,Zürich,2009-12-05T22:00:00,,41955,http://www.bandsintown.com/venue/41955,3209163,OXA,8.558865,http://www.bandsintown.com/event/3209163?app_id=epfl
Tomcraft,http://www.bandsintown.com/Tomcraft,47.5740204,Basel,2009-12-05T23:00:00,BS,768118,http://www.bandsintown.com/venue/768118,3092157,Borderline,7.5687599,http://www.bandsintown.com/event/3092157?app_id=epfl
Tagträumer²,http://www.bandsintown.com/Tagtr%C3%A4umer%C2%B2,47.54874,Basel-City,2009-12-05T23:00:00,Switzerland,169942,http://www.bandsintown.com/venue/169942,3043297,Das Schiff,7.58768,http://www.bandsintown.com/event/3043297?app_id=epfl
Dory,http://www.bandsintown.com/Dory,47.3666667,Zurich,2009-12-05T23:30:00,25,297164,http://www.bandsintown.com/venue/297164,3196401,Hive,8.55,http://www.bandsintown.com/event/3196401?app_id=epfl
Tosch,http://www.bandsintown.com/Tosch,47.41126,Sankt Gallen,2009-12-05T20:00:00,Switzerland,807890,http://www.bandsintown.com/venue/807890,3256378,Lexis-Club,9.331655,http://www.bandsintown.com/event/3256378?app_id=epfl
Ninja Tune,http://www.bandsintown.com/NinjaTune,47.426563,St. Gallen,2009-12-05T20:00:00,Switzerland,169988,http://www.bandsintown.com/venue/169988,3247175,Palace,9.373224,http://www.bandsintown.com/event/3247175?app_id=epfl
Slaraffenland,http://www.bandsintown.com/Slaraffenland,46.848558,Chur,2009-12-05T20:00:00,Switzerland,351778,http://www.bandsintown.com/venue/351778,3245559,Werkstatt,9.530686,http://www.bandsintown.com/event/3245559?app_id=epfl
Langhorne Slim,http://www.bandsintown.com/LanghorneSlim,46.0205383,Lugano,2009-12-05T20:00:00,TI,752546,http://www.bandsintown.com/venue/752546,3201482,Living Room,8.9577599,http://www.bandsintown.com/event/3201482?app_id=epfl
Port O'Brien,http://www.bandsintown.com/PortO%27brien,46.8615737,Düdingen,2009-12-06T19:00:00,Canton Of Fribourg,323397,http://www.bandsintown.com/venue/323397,3159822,Bad Bonn,7.1801778,http://www.bandsintown.com/event/3159822?app_id=epfl
Richie Havens,http://www.bandsintown.com/RichieHavens,46.79489,Fribourg,2009-12-06T19:00:00,Etr,275156,http://www.bandsintown.com/venue/275156,3151704,Fri-Son,7.151038,http://www.bandsintown.com/event/3151704?app_id=epfl
Satyricon,http://www.bandsintown.com/Satyricon,47.5166667,Pratteln,2009-12-06T19:00:00,01,43060,http://www.bandsintown.com/venue/43060,3132179,Z7,7.6833333,http://www.bandsintown.com/event/3132179?app_id=epfl
Laura Gibson,http://www.bandsintown.com/LauraGibson,47.0445786,Lucerne,2009-12-06T19:00:00,LU,86008,http://www.bandsintown.com/venue/86008,3022477,Konzerthaus Schuur,8.3112497,http://www.bandsintown.com/event/3022477?app_id=epfl
Depeche Mode,http://www.bandsintown.com/DepecheMode,47.410675,Zurich,2009-12-06T20:00:00,25,170002,http://www.bandsintown.com/venue/170002,2951132,Hallenstadion,8.552307,http://www.bandsintown.com/event/2951132?app_id=epfl
Black Dice,http://www.bandsintown.com/BlackDice,46.8615737,Düdingen,2009-12-07T19:00:00,Canton Of Fribourg,323397,http://www.bandsintown.com/venue/323397,3160098,Bad Bonn,7.1801778,http://www.bandsintown.com/event/3160098?app_id=epfl
Ari Hest,http://www.bandsintown.com/AriHest,47.695304,Schaffhausen,2009-12-07T19:30:00,Switzerland,760627,http://www.bandsintown.com/venue/760627,3253440,Fassbeiz,8.631561,http://www.bandsintown.com/event/3253440?app_id=epfl
Gregorian,http://www.bandsintown.com/Gregorian,47.3873901,Zurich,2009-12-07T20:00:00,ZH,773100,http://www.bandsintown.com/venue/773100,3154076,Neues Theater Spirgarten,8.4854202,http://www.bandsintown.com/event/3154076?app_id=epfl
Blackberry Smoke,http://www.bandsintown.com/BlackberrySmoke,47.494678,Winterthur,2009-12-07T20:00:00,Switzerland,45985,http://www.bandsintown.com/venue/45985,2918556,Gaswerk,8.70794,http://www.bandsintown.com/event/2918556?app_id=epfl
Depeche Mode,http://www.bandsintown.com/DepecheMode,47.410675,Zurich,2009-12-07T20:00:00,25,170002,http://www.bandsintown.com/venue/170002,2951133,Hallenstadion,8.552307,http://www.bandsintown.com/event/2951133?app_id=epfl
The Black Heart Procession,http://www.bandsintown.com/TheBlackHeartProcession,46.203938,Geneva,2009-12-08T19:00:00,Geneva,119670,http://www.bandsintown.com/venue/119670,3101824,L'Usine / PTR,6.136453,http://www.bandsintown.com/event/3101824?app_id=epfl
Wax Tailor,http://www.bandsintown.com/WaxTailor,46.522385,Lausanne,2009-12-08T20:00:00,Switzerland,289098,http://www.bandsintown.com/venue/289098,2913058,Le Docks,6.61819,http://www.bandsintown.com/event/2913058?app_id=epfl
Joe D'Urso,http://www.bandsintown.com/JoeD%27urso,47.3713799,Zurich,2009-12-08T19:00:00,ZH,497860,http://www.bandsintown.com/venue/497860,2927032,Kaufleutensaal,8.5359888,http://www.bandsintown.com/event/2927032?app_id=epfl
Stone Caravan,http://www.bandsintown.com/StoneCaravan,47.3713799,Zurich,2009-12-08T19:00:00,ZH,497860,http://www.bandsintown.com/venue/497860,2927032,Kaufleutensaal,8.5359888,http://www.bandsintown.com/event/2927032?app_id=epfl
Blackberry Smoke,http://www.bandsintown.com/BlackberrySmoke,47.57421,Basel,2009-12-08T20:00:00,BS,110499,http://www.bandsintown.com/venue/110499,3045174,Grand Casino,7.56311,http://www.bandsintown.com/event/3045174?app_id=epfl
Light of Day Benefizkonzert für Parkinson,http://www.bandsintown.com/LightOfDayBenefizkonzertF%C3%BCrParkinson,47.055047,Lucerne,2009-12-08T20:00:00,Switzerland,809091,http://www.bandsintown.com/venue/809091,3264363,Grand Casino Luzern,8.316998,http://www.bandsintown.com/event/3264363?app_id=epfl
UFO,http://www.bandsintown.com/UFO,47.5166667,Pratteln,2009-12-08T20:00:00,01,43060,http://www.bandsintown.com/venue/43060,3018392,Z7,7.6833333,http://www.bandsintown.com/event/3018392?app_id=epfl
Slayer,http://www.bandsintown.com/Slayer,47.375485,Zurich,2009-12-08T20:00:00,Switzerland,170005,http://www.bandsintown.com/venue/170005,3069661,Volkshaus,8.527116,http://www.bandsintown.com/event/3069661?app_id=epfl
The Haunted,http://www.bandsintown.com/TheHaunted,47.375485,Zurich,2009-12-08T20:00:00,Switzerland,170005,http://www.bandsintown.com/venue/170005,3069661,Volkshaus,8.527116,http://www.bandsintown.com/event/3069661?app_id=epfl
Arne Kopfermann,http://www.bandsintown.com/ArneKopfermann,47.422501,St. Gallen,2009-12-08T19:30:00,Switzerland,805824,http://www.bandsintown.com/venue/805824,3252409,Pfingstgemeinde St. Gallen,9.37418,http://www.bandsintown.com/event/3252409?app_id=epfl
SHOW ELVIS PRESLEY,http://www.bandsintown.com/ShowElvisPresley,46.210089,Geneva,2009-12-09T19:00:00,Switzerland,460740,http://www.bandsintown.com/venue/460740,3160497,Théâtre du Léman,6.150993,http://www.bandsintown.com/event/3160497?app_id=epfl
Melanie Fiona,http://www.bandsintown.com/MelanieFiona,46.52087,Lausanne,2009-12-09T19:00:00,Etr,781376,http://www.bandsintown.com/venue/781376,3163328,D! CLUB,6.63175,http://www.bandsintown.com/event/3163328?app_id=epfl
Weihnachten mit Michael Hirte,http://www.bandsintown.com/WeihnachtenMitMichaelHirte,46.803746,Freiburg,2009-12-09T20:00:00,Switzerland,381768,http://www.bandsintown.com/venue/381768,2957855,Konzerthaus Freiburg,7.153683,http://www.bandsintown.com/event/2957855?app_id=epfl
Bjorn Again,http://www.bandsintown.com/BjornAgain,47.52729,Pratteln,2009-12-09T19:00:00,Etr,781432,http://www.bandsintown.com/venue/781432,3160159,Z7 Konzertfabrik,7.694064,http://www.bandsintown.com/event/3160159?app_id=epfl
Shantel,http://www.bandsintown.com/Shantel,47.4975354,Winterthur,2009-12-09T19:00:00,25,147243,http://www.bandsintown.com/venue/147243,3134825,Salzhaus,8.7222841,http://www.bandsintown.com/event/3134825?app_id=epfl
Ongatu,http://www.bandsintown.com/Ongatu,47.3815098,Zürich,2009-12-09T19:00:00,,1016940,http://www.bandsintown.com/venue/1016940,5287844,bazillus club,8.5368835,http://www.bandsintown.com/event/5287844?app_id=epfl
Arne Kopfermann,http://www.bandsintown.com/ArneKopfermann,47.714981,Schofhausen,2009-12-09T19:30:00,Switzerland,805825,http://www.bandsintown.com/venue/805825,3252410,Zentrum Heuberg,8.64639,http://www.bandsintown.com/event/3252410?app_id=epfl
Stefanie Heinzmann,http://www.bandsintown.com/StefanieHeinzmann,47.384624,Herisau,2009-12-09T20:00:00,Switzerland,773033,http://www.bandsintown.com/venue/773033,3108438,Casino Herisau,9.277939,http://www.bandsintown.com/event/3108438?app_id=epfl
Michael Amott,http://www.bandsintown.com/MichaelAmott,47.3833333,Aarau,2009-12-09T20:00:00,01,306293,http://www.bandsintown.com/venue/306293,3184306,Kiff,8.05,http://www.bandsintown.com/event/3184306?app_id=epfl
Eros Ramazzotti,http://www.bandsintown.com/ErosRamazzotti,47.410675,Zurich,2009-12-09T20:00:00,25,170002,http://www.bandsintown.com/venue/170002,2951152,Hallenstadion,8.552307,http://www.bandsintown.com/event/2951152?app_id=epfl
Suburban Home,http://www.bandsintown.com/SuburbanHome,47.494678,Winterthur,2009-12-09T20:00:00,Switzerland,45985,http://www.bandsintown.com/venue/45985,3032568,Gaswerk,8.70794,http://www.bandsintown.com/event/3032568?app_id=epfl
Sergent Garcia,http://www.bandsintown.com/SergentGarcia,46.52087,Lausanne,2009-12-10T19:00:00,Etr,781376,http://www.bandsintown.com/venue/781376,3159527,D! CLUB,6.63175,http://www.bandsintown.com/event/3159527?app_id=epfl
Paradise Lost,http://www.bandsintown.com/ParadiseLost,47.4975354,Winterthur,2009-12-10T19:00:00,25,147243,http://www.bandsintown.com/venue/147243,2953025,Salzhaus,8.7222841,http://www.bandsintown.com/event/2953025?app_id=epfl
Samael,http://www.bandsintown.com/Samael,47.4975354,Winterthur,2009-12-10T19:00:00,25,147243,http://www.bandsintown.com/venue/147243,2953025,Salzhaus,8.7222841,http://www.bandsintown.com/event/2953025?app_id=epfl
Gotthard,http://www.bandsintown.com/Gotthard,47.4956551,Winterthur,2009-12-10T20:00:00,25,169998,http://www.bandsintown.com/venue/169998,3213168,Eishalle Duetwag,8.7484798,http://www.bandsintown.com/event/3213168?app_id=epfl
Thieves Like Us,http://www.bandsintown.com/ThievesLikeUs,47.3853683,Zurich,2009-12-10T20:00:00,ZH,547907,http://www.bandsintown.com/venue/547907,3208412,Hive Club,8.5204697,http://www.bandsintown.com/event/3208412?app_id=epfl
Eros Ramazzotti,http://www.bandsintown.com/ErosRamazzotti,47.410675,Zurich,2009-12-10T20:00:00,25,170002,http://www.bandsintown.com/venue/170002,2953963,Hallenstadion,8.552307,http://www.bandsintown.com/event/2953963?app_id=epfl
Eluveitie,http://www.bandsintown.com/Eluveitie,46.8615737,Düdingen,2009-12-11T19:00:00,Canton Of Fribourg,323397,http://www.bandsintown.com/venue/323397,3159837,Bad Bonn,7.1801778,http://www.bandsintown.com/event/3159837?app_id=epfl
TRIO ANIMAE,http://www.bandsintown.com/TrioAnimae,46.6166667,Bulle,2009-12-11T19:00:00,06,781478,http://www.bandsintown.com/venue/781478,3160115,Ebullition,7.0666667,http://www.bandsintown.com/event/3160115?app_id=epfl
Dhafer Youssef,http://www.bandsintown.com/DhaferYoussef,46.472145,Vevey,2009-12-11T19:00:00,Etr,306332,http://www.bandsintown.com/venue/306332,3158854,ROCKING CHAIR,6.851925,http://www.bandsintown.com/event/3158854?app_id=epfl
Mark Guiliana,http://www.bandsintown.com/MarkGuiliana,46.472145,Vevey,2009-12-11T19:00:00,Etr,306332,http://www.bandsintown.com/venue/306332,3158854,ROCKING CHAIR,6.851925,http://www.bandsintown.com/event/3158854?app_id=epfl
SOUND OF ROOTS,http://www.bandsintown.com/SoundOfRoots,46.224322,Conthey,2009-12-11T19:00:00,Switzerland,334526,http://www.bandsintown.com/venue/334526,3160458,Nouveau Monde,7.298266,http://www.bandsintown.com/event/3160458?app_id=epfl
Kip Winger,http://www.bandsintown.com/KipWinger,46.97673,Worblaufen,2009-12-11T20:00:00,Switzerland,575656,http://www.bandsintown.com/venue/575656,3186209,Tibis Downstairs,7.46219,http://www.bandsintown.com/event/3186209?app_id=epfl
Drumsound,http://www.bandsintown.com/Drumsound,46.948432,Berne,2009-12-11T23:00:00,Switzerland,806554,http://www.bandsintown.com/venue/806554,3253884,Ra Bass,7.440461,http://www.bandsintown.com/event/3253884?app_id=epfl
Shantel,http://www.bandsintown.com/Shantel,47.3833333,Aarau,2009-12-11T19:00:00,01,306293,http://www.bandsintown.com/venue/306293,3134827,Kiff,8.05,http://www.bandsintown.com/event/3134827?app_id=epfl
Pitchtuner,http://www.bandsintown.com/Pitchtuner,47.37815,Zurich,2009-12-11T20:00:00,ZH,524849,http://www.bandsintown.com/venue/524849,2993410,Zukunft,8.52743,http://www.bandsintown.com/event/2993410?app_id=epfl
Prinz Pi,http://www.bandsintown.com/PrinzPi,47.4662018,Wil,2009-12-11T20:00:00,SG,340249,http://www.bandsintown.com/venue/340249,3045183,Gare de lion,9.0508804,http://www.bandsintown.com/event/3045183?app_id=epfl
Stefanie Heinzmann,http://www.bandsintown.com/StefanieHeinzmann,47.371722,Zurich,2009-12-11T20:00:00,Switzerland,44952,http://www.bandsintown.com/venue/44952,3108439,Kaufleuten,8.536468,http://www.bandsintown.com/event/3108439?app_id=epfl
Gotthard,http://www.bandsintown.com/Gotthard,47.1740727,Sursee,2009-12-11T20:00:00,11,742192,http://www.bandsintown.com/venue/742192,3002084,Stadthalle Sursee,8.1079312,http://www.bandsintown.com/event/3002084?app_id=epfl
Celph Titled,http://www.bandsintown.com/CelphTitled,47.426392,St. Gallen,2009-12-11T20:00:00,Switzerland,328757,http://www.bandsintown.com/venue/328757,3252794,Kugl,9.37371,http://www.bandsintown.com/event/3252794?app_id=epfl
Romantic Emily,http://www.bandsintown.com/RomanticEmily,46.193405,Bellinzona,2009-12-11T21:00:00,20,306297,http://www.bandsintown.com/venue/306297,3091739,Peter Pan,9.017415,http://www.bandsintown.com/event/3091739?app_id=epfl
Cinderella s Revenge,http://www.bandsintown.com/CinderellaSRevenge,46.193405,Bellinzona,2009-12-11T21:00:00,20,306297,http://www.bandsintown.com/venue/306297,3091739,Peter Pan,9.017415,http://www.bandsintown.com/event/3091739?app_id=epfl
Eluveitie,http://www.bandsintown.com/Eluveitie,46.8615737,Düdingen,2009-12-12T19:00:00,Canton Of Fribourg,323397,http://www.bandsintown.com/venue/323397,3159836,Bad Bonn,7.1801778,http://www.bandsintown.com/event/3159836?app_id=epfl
Trentemøller,http://www.bandsintown.com/Trentem%C3%B8ller,46.52087,Lausanne,2009-12-12T19:00:00,Etr,781376,http://www.bandsintown.com/venue/781376,3201375,D! CLUB,6.63175,http://www.bandsintown.com/event/3201375?app_id=epfl
The Satelliters,http://www.bandsintown.com/TheSatelliters,46.519894,Lausanne,2009-12-12T19:00:00,Etr,794948,http://www.bandsintown.com/venue/794948,3159229,Le Romandie,6.632625,http://www.bandsintown.com/event/3159229?app_id=epfl
Fuzz,http://www.bandsintown.com/Fuzz,46.519894,Lausanne,2009-12-12T19:00:00,Etr,794948,http://www.bandsintown.com/venue/794948,3159229,Le Romandie,6.632625,http://www.bandsintown.com/event/3159229?app_id=epfl
Shout,http://www.bandsintown.com/Shout,46.519894,Lausanne,2009-12-12T19:00:00,Etr,794948,http://www.bandsintown.com/venue/794948,3159229,Le Romandie,6.632625,http://www.bandsintown.com/event/3159229?app_id=epfl
Explosion de caca,http://www.bandsintown.com/ExplosionDeCaca,46.38376,Nyon,2009-12-12T22:00:00,Etr,313886,http://www.bandsintown.com/venue/313886,3128187,USINE A GAZ,6.244082,http://www.bandsintown.com/event/3128187?app_id=epfl
Evelinn Trouble,http://www.bandsintown.com/EvelinnTrouble,46.224322,Conthey,2009-12-12T19:00:00,Switzerland,334526,http://www.bandsintown.com/venue/334526,3160449,Nouveau Monde,7.298266,http://www.bandsintown.com/event/3160449?app_id=epfl
Sébastien Léger,http://www.bandsintown.com/S%C3%A9bastienL%C3%A9ger,46.948432,Berne,2009-12-12T20:00:00,Switzerland,727837,http://www.bandsintown.com/venue/727837,2973975,Via Felsevall,7.440461,http://www.bandsintown.com/event/2973975?app_id=epfl
Samael,http://www.bandsintown.com/Samael,47.2333333,Solothurn,2009-12-12T20:00:00,18,280400,http://www.bandsintown.com/venue/280400,3092048,Kofmehl Halle,7.5166667,http://www.bandsintown.com/event/3092048?app_id=epfl
Gotthard,http://www.bandsintown.com/Gotthard,46.9657,Berne,2009-12-12T20:00:00,Switzerland,742193,http://www.bandsintown.com/venue/742193,3002086,Festhalle,7.468735,http://www.bandsintown.com/event/3002086?app_id=epfl
BUCIVINA CLUB ORKESTRA,http://www.bandsintown.com/BucivinaClubOrkestra,47.561136,Basel,2009-12-12T19:00:00,04,306296,http://www.bandsintown.com/venue/306296,3134828,Volkshaus Basel,7.593745,http://www.bandsintown.com/event/3134828?app_id=epfl
DELLÉ,http://www.bandsintown.com/DELL%C3%89,47.371722,Zurich,2009-12-12T19:00:00,Switzerland,44952,http://www.bandsintown.com/venue/44952,3134833,Kaufleuten,8.536468,http://www.bandsintown.com/event/3134833?app_id=epfl
BIG BANG CONGRESS CENTER BASEL,http://www.bandsintown.com/BigBangCongressCenterBasel,47.54874,Basel,2009-12-12T19:00:00,Switzerland,781624,http://www.bandsintown.com/venue/781624,3160768,CONGRESS CENTER BASEL,7.58768,http://www.bandsintown.com/event/3160768?app_id=epfl
BigBang,http://www.bandsintown.com/BigBang,47.54874,Basel,2009-12-12T19:00:00,Switzerland,781624,http://www.bandsintown.com/venue/781624,3160768,CONGRESS CENTER BASEL,7.58768,http://www.bandsintown.com/event/3160768?app_id=epfl
Savio Rego,http://www.bandsintown.com/SavioRego,46.684477,Interlaken,2009-12-12T20:00:00,Switzerland,787748,http://www.bandsintown.com/venue/787748,3181584,The Jamming Corner,7.853437,http://www.bandsintown.com/event/3181584?app_id=epfl
Chali 2na,http://www.bandsintown.com/Chali2na,47.343448,Zurich,2009-12-12T20:00:00,25,772420,http://www.bandsintown.com/venue/772420,3256671,Rote fabrik,8.535557,http://www.bandsintown.com/event/3256671?app_id=epfl
VOICEsVOICEs,http://www.bandsintown.com/VOICEsVOICEs,47.54874,Basel-City,2009-12-12T20:00:00,Switzerland,783504,http://www.bandsintown.com/venue/783504,3169404,1 stock Bar Klub,7.58768,http://www.bandsintown.com/event/3169404?app_id=epfl
Radio Slave,http://www.bandsintown.com/RadioSlave,47.54874,Basel,2009-12-12T20:00:00,Switzerland,789118,http://www.bandsintown.com/venue/789118,3184513,Presswerks,7.58768,http://www.bandsintown.com/event/3184513?app_id=epfl
Blessthefall,http://www.bandsintown.com/Blessthefall,47.5666667,Basel,2009-12-12T20:00:00,04,747119,http://www.bandsintown.com/venue/747119,3124382,Konzertfabrik Z7,7.6,http://www.bandsintown.com/event/3124382?app_id=epfl
Bury Tomorrow,http://www.bandsintown.com/BuryTomorrow,47.5666667,Basel,2009-12-12T20:00:00,04,747119,http://www.bandsintown.com/venue/747119,3124382,Konzertfabrik Z7,7.6,http://www.bandsintown.com/event/3124382?app_id=epfl
Mark Guiliana,http://www.bandsintown.com/MarkGuiliana,47.3666667,Zurich,2009-12-12T20:00:00,25,10674,http://www.bandsintown.com/venue/10674,3169467,Moods,8.55,http://www.bandsintown.com/event/3169467?app_id=epfl
DJ MISSY JAY,http://www.bandsintown.com/DjMissyJay,47.37706,Zurich,2009-12-12T23:00:00,Switzerland,756460,http://www.bandsintown.com/venue/756460,3046565,Elephant Club,8.53955,http://www.bandsintown.com/event/3046565?app_id=epfl
Ying Yang Twins,http://www.bandsintown.com/YingYangTwins,47.407539,San Galo,2009-12-12T20:00:00,SG,809957,http://www.bandsintown.com/venue/809957,3270744,San Gallen,9.334799,http://www.bandsintown.com/event/3270744?app_id=epfl
Apathy,http://www.bandsintown.com/Apathy,47.426392,St. Gallen,2009-12-12T20:00:00,Switzerland,328757,http://www.bandsintown.com/venue/328757,3180643,Kugl,9.37371,http://www.bandsintown.com/event/3180643?app_id=epfl
Celph Titled,http://www.bandsintown.com/CelphTitled,47.426392,St. Gallen,2009-12-12T20:00:00,Switzerland,328757,http://www.bandsintown.com/venue/328757,3180643,Kugl,9.37371,http://www.bandsintown.com/event/3180643?app_id=epfl
7L & Esoteric,http://www.bandsintown.com/7lAndEsoteric,47.426392,St. Gallen,2009-12-12T20:00:00,Switzerland,328757,http://www.bandsintown.com/venue/328757,3180643,Kugl,9.37371,http://www.bandsintown.com/event/3180643?app_id=epfl
Cinderella s Revenge,http://www.bandsintown.com/CinderellaSRevenge,46.193405,Bellinzona,2009-12-12T20:00:00,20,306297,http://www.bandsintown.com/venue/306297,3072569,Peter Pan,9.017415,http://www.bandsintown.com/event/3072569?app_id=epfl
Gian-Andrea Costa,http://www.bandsintown.com/Gian-andreaCosta,46.0,Lugano,2009-12-12T21:00:00,20,799702,http://www.bandsintown.com/venue/799702,3214722,Olimpia,8.9666667,http://www.bandsintown.com/event/3214722?app_id=epfl
Cyberpunkers,http://www.bandsintown.com/Cyberpunkers,46.002975,Lugano,2009-12-12T23:00:00,Switzerland,620693,http://www.bandsintown.com/venue/620693,3186931,Pasci,8.951305,http://www.bandsintown.com/event/3186931?app_id=epfl
Shantel,http://www.bandsintown.com/Shantel,46.79489,Fribourg,2009-12-13T19:00:00,Etr,275156,http://www.bandsintown.com/venue/275156,3134829,Fri-Son,7.151038,http://www.bandsintown.com/event/3134829?app_id=epfl
Mark Guiliana,http://www.bandsintown.com/MarkGuiliana,46.9166667,Berne,2009-12-13T20:00:00,05,739422,http://www.bandsintown.com/venue/739422,3169468,bee-flat,7.4666667,http://www.bandsintown.com/event/3169468?app_id=epfl
Moya Brennan,http://www.bandsintown.com/MoyaBrennan,47.4811889,Baden,2009-12-13T19:00:00,01,639666,http://www.bandsintown.com/venue/639666,2697107,Nordportal,8.3003268,http://www.bandsintown.com/event/2697107?app_id=epfl
VOICEsVOICEs,http://www.bandsintown.com/VOICEsVOICEs,47.3666667,Zurich,2009-12-13T22:00:00,25,203096,http://www.bandsintown.com/venue/203096,3169405,El Lokal,8.55,http://www.bandsintown.com/event/3169405?app_id=epfl
William Fitzsimmons,http://www.bandsintown.com/WilliamFitzsimmons,46.203995,Geneve,2009-12-14T20:00:00,Etr,753617,http://www.bandsintown.com/venue/753617,3180433,USINE,6.136277,http://www.bandsintown.com/event/3180433?app_id=epfl
Dead to Me,http://www.bandsintown.com/DeadToMe,47.383297,Zurich,2009-12-14T19:00:00,Etr,594255,http://www.bandsintown.com/venue/594255,3126388,Dynamo,8.539312,http://www.bandsintown.com/event/3126388?app_id=epfl
Dia-Vortrag,http://www.bandsintown.com/Dia-Vortrag,47.371722,Zurich,2009-12-14T20:00:00,Switzerland,44952,http://www.bandsintown.com/venue/44952,3296592,Kaufleuten,8.536468,http://www.bandsintown.com/event/3296592?app_id=epfl
Pink,http://www.bandsintown.com/Pink,46.233595,Geneva,2009-12-15T19:00:00,Geneva,781752,http://www.bandsintown.com/venue/781752,2437704,Geneva Arena,6.1122833,http://www.bandsintown.com/event/2437704?app_id=epfl
Emily Loizeau,http://www.bandsintown.com/EmilyLoizeau,46.515198,Morges,2009-12-15T20:00:00,Switzerland,699717,http://www.bandsintown.com/venue/699717,2923408,Théâtre de Beausobre,6.498757,http://www.bandsintown.com/event/2923408?app_id=epfl
Mick Pointer,http://www.bandsintown.com/MickPointer,47.5666667,Basel,2009-12-15T19:00:00,04,747119,http://www.bandsintown.com/venue/747119,3134759,Konzertfabrik Z7,7.6,http://www.bandsintown.com/event/3134759?app_id=epfl
Mick Pointer´S Marillion,http://www.bandsintown.com/MickPointer%C2%B4sMarillion,47.5666667,Basel,2009-12-15T19:00:00,04,747119,http://www.bandsintown.com/venue/747119,3134759,Konzertfabrik Z7,7.6,http://www.bandsintown.com/event/3134759?app_id=epfl
Ace Frehley,http://www.bandsintown.com/AceFrehley,47.0445786,Lucerne,2009-12-15T19:00:00,LU,86008,http://www.bandsintown.com/venue/86008,3173736,Konzerthaus Schuur,8.3112497,http://www.bandsintown.com/event/3173736?app_id=epfl
The Crüxshadows,http://www.bandsintown.com/TheCr%C3%BCxshadows,47.362215,Zurich,2009-12-15T20:00:00,Switzerland,48122,http://www.bandsintown.com/venue/48122,3027940,Abart,8.522239,http://www.bandsintown.com/event/3027940?app_id=epfl
Ayria,http://www.bandsintown.com/Ayria,47.362215,Zurich,2009-12-15T20:00:00,Switzerland,48122,http://www.bandsintown.com/venue/48122,3027940,Abart,8.522239,http://www.bandsintown.com/event/3027940?app_id=epfl
Nicolas Masson,http://www.bandsintown.com/NicolasMasson,46.4582405,Vevey,2009-12-16T20:30:00,VD,811660,http://www.bandsintown.com/venue/811660,3278954,Le Bout du Monde,6.8509698,http://www.bandsintown.com/event/3278954?app_id=epfl
Emily Loizeau,http://www.bandsintown.com/EmilyLoizeau,46.9166667,Bern,2009-12-16T19:00:00,05,289083,http://www.bandsintown.com/venue/289083,2996575,Bee Flat,7.4666667,http://www.bandsintown.com/event/2996575?app_id=epfl
The Blackout,http://www.bandsintown.com/TheBlackout,47.383297,Zurich,2009-12-16T20:00:00,Etr,594255,http://www.bandsintown.com/venue/594255,3070225,Dynamo,8.539312,http://www.bandsintown.com/event/3070225?app_id=epfl
Destine,http://www.bandsintown.com/Destine,47.383297,Zurich,2009-12-16T20:00:00,Etr,594255,http://www.bandsintown.com/venue/594255,3070225,Dynamo,8.539312,http://www.bandsintown.com/event/3070225?app_id=epfl
Templeton Pek,http://www.bandsintown.com/TempletonPek,47.383297,Zurich,2009-12-16T20:00:00,Etr,594255,http://www.bandsintown.com/venue/594255,3070225,Dynamo,8.539312,http://www.bandsintown.com/event/3070225?app_id=epfl
Frank Turner,http://www.bandsintown.com/FrankTurner,47.3666667,Zurich,2009-12-16T20:00:00,25,90375,http://www.bandsintown.com/venue/90375,2923086,Hafenkneipe,8.55,http://www.bandsintown.com/event/2923086?app_id=epfl
Pain of Salvation,http://www.bandsintown.com/PainOfSalvation,47.5666667,Basel,2009-12-16T20:00:00,04,747119,http://www.bandsintown.com/venue/747119,3216842,Konzertfabrik Z7,7.6,http://www.bandsintown.com/event/3216842?app_id=epfl
VOICEsVOICEs,http://www.bandsintown.com/VOICEsVOICEs,47.0327682,Kriens,2009-12-16T22:00:00,LU,433386,http://www.bandsintown.com/venue/433386,3169408,Südpol,8.2969799,http://www.bandsintown.com/event/3169408?app_id=epfl
Clark,http://www.bandsintown.com/Clark,46.519894,Lausanne,2009-12-17T19:00:00,Etr,794948,http://www.bandsintown.com/venue/794948,3225454,Le Romandie,6.632625,http://www.bandsintown.com/event/3225454?app_id=epfl
Frank Turner,http://www.bandsintown.com/FrankTurner,46.21399,Geneva,2009-12-17T20:00:00,Switzerland,806232,http://www.bandsintown.com/venue/806232,2996354,Lausanne,6.145935,http://www.bandsintown.com/event/2996354?app_id=epfl
AFRICA UMOJA,http://www.bandsintown.com/AfricaUmoja,46.210089,Geneva,2009-12-17T20:30:00,Switzerland,460740,http://www.bandsintown.com/venue/460740,3263445,Théâtre du Léman,6.150993,http://www.bandsintown.com/event/3263445?app_id=epfl
CLAUDE RUGO,http://www.bandsintown.com/ClaudeRugo,46.224322,Conthey,2009-12-17T19:00:00,Switzerland,334526,http://www.bandsintown.com/venue/334526,3160447,Nouveau Monde,7.298266,http://www.bandsintown.com/event/3160447?app_id=epfl
Amigos,http://www.bandsintown.com/Amigos,46.224322,Conthey,2009-12-17T19:00:00,Switzerland,334526,http://www.bandsintown.com/venue/334526,3160447,Nouveau Monde,7.298266,http://www.bandsintown.com/event/3160447?app_id=epfl
Goatwhore,http://www.bandsintown.com/Goatwhore,47.362215,Zurich,2009-12-17T19:00:00,Switzerland,48122,http://www.bandsintown.com/venue/48122,3081519,Abart,8.522239,http://www.bandsintown.com/event/3081519?app_id=epfl
Skeletonwitch,http://www.bandsintown.com/Skeletonwitch,47.362215,Zurich,2009-12-17T19:00:00,Switzerland,48122,http://www.bandsintown.com/venue/48122,3081519,Abart,8.522239,http://www.bandsintown.com/event/3081519?app_id=epfl
Toxic Holocaust,http://www.bandsintown.com/ToxicHolocaust,47.362215,Zurich,2009-12-17T19:00:00,Switzerland,48122,http://www.bandsintown.com/venue/48122,3081519,Abart,8.522239,http://www.bandsintown.com/event/3081519?app_id=epfl
Regina Spektor,http://www.bandsintown.com/ReginaSpektor,47.3713799,Zurich,2009-12-17T19:00:00,ZH,497860,http://www.bandsintown.com/venue/497860,3055288,Kaufleutensaal,8.5359888,http://www.bandsintown.com/event/3055288?app_id=epfl
Jenny Owen Youngs,http://www.bandsintown.com/JennyOwenYoungs,47.371722,Zurich,2009-12-17T20:00:00,Switzerland,44952,http://www.bandsintown.com/venue/44952,3125522,Kaufleuten,8.536468,http://www.bandsintown.com/event/3125522?app_id=epfl
DJ Vadim,http://www.bandsintown.com/DjVadim,47.37706,Zurich,2009-12-17T20:00:00,Switzerland,417713,http://www.bandsintown.com/venue/417713,3125920,TBC,8.53955,http://www.bandsintown.com/event/3125920?app_id=epfl
Deerhoof,http://www.bandsintown.com/Deerhoof,47.049545,Lucerne,2009-12-17T20:00:00,Switzerland,787262,http://www.bandsintown.com/venue/787262,3180476,Suedpol,8.304375,http://www.bandsintown.com/event/3180476?app_id=epfl
Devious,http://www.bandsintown.com/Devious,46.82368,Erstfeld,2009-12-17T20:00:00,Switzerland,203984,http://www.bandsintown.com/venue/203984,2953424,Transilvania Live,8.65031,http://www.bandsintown.com/event/2953424?app_id=epfl
Entombed,http://www.bandsintown.com/Entombed,46.82368,Erstfeld,2009-12-17T20:00:00,Switzerland,203984,http://www.bandsintown.com/venue/203984,2953424,Transilvania Live,8.65031,http://www.bandsintown.com/event/2953424?app_id=epfl
Songbird Festival Davos,http://www.bandsintown.com/SongbirdFestivalDavos,46.7963943,Davos,2009-12-17T21:00:00,Switzerland,809161,http://www.bandsintown.com/venue/809161,3264773,Hotel Schatzalp,9.8181305,http://www.bandsintown.com/event/3264773?app_id=epfl
Schibä  Unplugged,http://www.bandsintown.com/Schib%C3%A4Unplugged,46.7963943,Davos,2009-12-17T21:00:00,Switzerland,809161,http://www.bandsintown.com/venue/809161,3264773,Hotel Schatzalp,9.8181305,http://www.bandsintown.com/event/3264773?app_id=epfl
Lea Lu,http://www.bandsintown.com/LeaLu,46.7963943,Davos,2009-12-17T21:00:00,Switzerland,809161,http://www.bandsintown.com/venue/809161,3264773,Hotel Schatzalp,9.8181305,http://www.bandsintown.com/event/3264773?app_id=epfl
Yodelice,http://www.bandsintown.com/Yodelice,46.522385,Lausanne,2009-12-18T19:00:00,Switzerland,289098,http://www.bandsintown.com/venue/289098,3160664,Le Docks,6.61819,http://www.bandsintown.com/event/3160664?app_id=epfl
Kill Your Idols,http://www.bandsintown.com/KillYourIdols,46.519894,Lausanne,2009-12-18T19:00:00,Etr,794948,http://www.bandsintown.com/venue/794948,3291030,Le Romandie,6.632625,http://www.bandsintown.com/event/3291030?app_id=epfl
Mr. Vegas,http://www.bandsintown.com/Mr.Vegas,46.208358,Geneva,2009-12-18T20:00:00,Switzerland,810237,http://www.bandsintown.com/venue/810237,3271343,Appart Club,6.142701,http://www.bandsintown.com/event/3271343?app_id=epfl
James Delleck,http://www.bandsintown.com/JamesDelleck,46.224322,Conthey,2009-12-18T19:00:00,Switzerland,334526,http://www.bandsintown.com/venue/334526,3160457,Nouveau Monde,7.298266,http://www.bandsintown.com/event/3160457?app_id=epfl
Stress,http://www.bandsintown.com/Stress,47.561136,Basel,2009-12-18T19:00:00,04,306296,http://www.bandsintown.com/venue/306296,3161157,Volkshaus Basel,7.593745,http://www.bandsintown.com/event/3161157?app_id=epfl
Guilty Simpson,http://www.bandsintown.com/GuiltySimpson,47.374458,Zurich,2009-12-18T20:00:00,25,390920,http://www.bandsintown.com/venue/390920,3252258,Stall 6,8.53397,http://www.bandsintown.com/event/3252258?app_id=epfl
Les Ogres de Barback,http://www.bandsintown.com/LesOgresDeBarback,47.37706,Zurich,2009-12-18T20:00:00,Switzerland,792020,http://www.bandsintown.com/venue/792020,3190309,Le Moods,8.53955,http://www.bandsintown.com/event/3190309?app_id=epfl
Boys Noize,http://www.bandsintown.com/BoysNoize,47.3853683,Zurich,2009-12-18T20:00:00,ZH,547907,http://www.bandsintown.com/venue/547907,3023802,Hive Club,8.5204697,http://www.bandsintown.com/event/3023802?app_id=epfl
W.A.S.P.,http://www.bandsintown.com/W.A.S.P.,47.383297,Zurich,2009-12-18T20:00:00,Etr,594255,http://www.bandsintown.com/venue/594255,3182302,Dynamo,8.539312,http://www.bandsintown.com/event/3182302?app_id=epfl
Doro,http://www.bandsintown.com/Doro,47.5666667,Basel,2009-12-18T20:00:00,04,747119,http://www.bandsintown.com/venue/747119,2643181,Konzertfabrik Z7,7.6,http://www.bandsintown.com/event/2643181?app_id=epfl
Lay Down Rotten,http://www.bandsintown.com/LayDownRotten,46.936001,Zizers,2009-12-18T20:00:00,Switzerland,786799,http://www.bandsintown.com/venue/786799,3251007,Event Stage,9.56527,http://www.bandsintown.com/event/3251007?app_id=epfl
Songbird Festival Davos,http://www.bandsintown.com/SongbirdFestivalDavos,46.79834,Davos Platz,2009-12-18T20:00:00,Switzerland,809158,http://www.bandsintown.com/venue/809158,3264769,Cafe KaffeeKlatsch,9.823501,http://www.bandsintown.com/event/3264769?app_id=epfl
Cassie Bernstein,http://www.bandsintown.com/CassieBernstein,46.79834,Davos Platz,2009-12-18T20:00:00,Switzerland,809158,http://www.bandsintown.com/venue/809158,3264769,Cafe KaffeeKlatsch,9.823501,http://www.bandsintown.com/event/3264769?app_id=epfl
Lina Button,http://www.bandsintown.com/LinaButton,46.79834,Davos Platz,2009-12-18T20:00:00,Switzerland,809158,http://www.bandsintown.com/venue/809158,3264769,Cafe KaffeeKlatsch,9.823501,http://www.bandsintown.com/event/3264769?app_id=epfl
Moira,http://www.bandsintown.com/Moira,46.79834,Davos Platz,2009-12-18T20:00:00,Switzerland,809158,http://www.bandsintown.com/venue/809158,3264769,Cafe KaffeeKlatsch,9.823501,http://www.bandsintown.com/event/3264769?app_id=epfl
Gus Mac Gregor,http://www.bandsintown.com/GusMacGregor,46.79953,Davos Dorf,2009-12-18T20:00:00,Switzerland,809159,http://www.bandsintown.com/venue/809159,3264770,Zimmerei Künzli,9.84465,http://www.bandsintown.com/event/3264770?app_id=epfl
Jael,http://www.bandsintown.com/Jael,46.79953,Davos Dorf,2009-12-18T20:00:00,Switzerland,809159,http://www.bandsintown.com/venue/809159,3264770,Zimmerei Künzli,9.84465,http://www.bandsintown.com/event/3264770?app_id=epfl
Ivo,http://www.bandsintown.com/Ivo,46.792979,Davos Platz,2009-12-18T20:00:00,Switzerland,809160,http://www.bandsintown.com/venue/809160,3264771,Ella JazzBar,9.819818,http://www.bandsintown.com/event/3264771?app_id=epfl
Brandy Butler,http://www.bandsintown.com/BrandyButler,46.792979,Davos Platz,2009-12-18T20:00:00,Switzerland,809160,http://www.bandsintown.com/venue/809160,3264771,Ella JazzBar,9.819818,http://www.bandsintown.com/event/3264771?app_id=epfl
Camen,http://www.bandsintown.com/Camen,46.792979,Davos Platz,2009-12-18T20:00:00,Switzerland,809160,http://www.bandsintown.com/venue/809160,3264771,Ella JazzBar,9.819818,http://www.bandsintown.com/event/3264771?app_id=epfl
BETRAYING THE MARTYRS,http://www.bandsintown.com/BetrayingTheMartyrs,46.98938,Neuchatel,2009-12-19T18:00:00,Switzerland,791915,http://www.bandsintown.com/venue/791915,3190111,B4 Xmas Festival,6.9361,http://www.bandsintown.com/event/3190111?app_id=epfl
LES TOUFFES KRETIENNES,http://www.bandsintown.com/LesTouffesKretiennes,46.6166667,Bulle,2009-12-19T19:00:00,06,781478,http://www.bandsintown.com/venue/781478,3160127,Ebullition,7.0666667,http://www.bandsintown.com/event/3160127?app_id=epfl
BAL DES LETTRES,http://www.bandsintown.com/BalDesLettres,46.519894,Lausanne,2009-12-19T19:00:00,Etr,794948,http://www.bandsintown.com/venue/794948,3225431,Le Romandie,6.632625,http://www.bandsintown.com/event/3225431?app_id=epfl
JOSEF OF THE,http://www.bandsintown.com/JosefOfThe,46.519894,Lausanne,2009-12-19T19:00:00,Etr,794948,http://www.bandsintown.com/venue/794948,3225431,Le Romandie,6.632625,http://www.bandsintown.com/event/3225431?app_id=epfl
"LAIDBACK LUKE ""SUPER YOU",http://www.bandsintown.com/LaidbackLuke%22superYou,46.52087,Lausanne,2009-12-19T19:00:00,Etr,781376,http://www.bandsintown.com/venue/781376,3201393,D! CLUB,6.63175,http://www.bandsintown.com/event/3201393?app_id=epfl
"ME""",http://www.bandsintown.com/ME%22,46.52087,Lausanne,2009-12-19T19:00:00,Etr,781376,http://www.bandsintown.com/venue/781376,3201393,D! CLUB,6.63175,http://www.bandsintown.com/event/3201393?app_id=epfl
Explosion de caca,http://www.bandsintown.com/ExplosionDeCaca,46.781797,Cheseaux-Noréaz,2009-12-19T21:30:00,Switzerland,169999,http://www.bandsintown.com/venue/169999,3128188,Amalgame Club,6.67119,http://www.bandsintown.com/event/3128188?app_id=epfl
David Morales,http://www.bandsintown.com/DavidMorales,47.3833333,Zurich,2009-12-19T01:00:00,Switzerlan,337570,http://www.bandsintown.com/venue/337570,3185388,Q Club,8.5333333,http://www.bandsintown.com/event/3185388?app_id=epfl
The Young Gods,http://www.bandsintown.com/TheYoungGods,47.561136,Basel,2009-12-19T19:00:00,04,306296,http://www.bandsintown.com/venue/306296,3201406,Volkshaus Basel,7.593745,http://www.bandsintown.com/event/3201406?app_id=epfl
Akrobatik,http://www.bandsintown.com/Akrobatik,47.383297,Zurich,2009-12-19T20:00:00,Etr,594255,http://www.bandsintown.com/venue/594255,3249788,Dynamo,8.539312,http://www.bandsintown.com/event/3249788?app_id=epfl
Gotthard,http://www.bandsintown.com/Gotthard,47.1992302,Baar,2009-12-19T20:00:00,ZG,742194,http://www.bandsintown.com/venue/742194,3002091,Waldmannhalle,8.5209799,http://www.bandsintown.com/event/3002091?app_id=epfl
En Vogue,http://www.bandsintown.com/EnVogue,47.392132,Zurich,2009-12-19T23:00:00,25,388340,http://www.bandsintown.com/venue/388340,3296593,Club Q,8.51134,http://www.bandsintown.com/event/3296593?app_id=epfl
POW-LOW,http://www.bandsintown.com/POW-LOW,47.4029,Dietikon,2009-12-19T23:00:00,Etr,781600,http://www.bandsintown.com/venue/781600,3255920,STADTHALLE DIETIKON,8.398821,http://www.bandsintown.com/event/3255920?app_id=epfl
The Black Heart Procession,http://www.bandsintown.com/TheBlackHeartProcession,47.426563,St. Gallen,2009-12-19T19:00:00,Switzerland,169988,http://www.bandsintown.com/venue/169988,3093439,Palace,9.373224,http://www.bandsintown.com/event/3093439?app_id=epfl
Lil' Jon & The East Side Boyz,http://www.bandsintown.com/Lil%27JonAndTheEastSideBoyz,47.42638,St. Gallen,2009-12-19T20:00:00,Switzerland,803026,http://www.bandsintown.com/venue/803026,3246230,Glow,9.37369,http://www.bandsintown.com/event/3246230?app_id=epfl
Songbird Festival Davos,http://www.bandsintown.com/SongbirdFestivalDavos,46.792979,Davos Platz,2009-12-19T20:00:00,Switzerland,809160,http://www.bandsintown.com/venue/809160,3264772,Ella JazzBar,9.819818,http://www.bandsintown.com/event/3264772?app_id=epfl
Nils Althaus,http://www.bandsintown.com/NilsAlthaus,46.792979,Davos Platz,2009-12-19T20:00:00,Switzerland,809160,http://www.bandsintown.com/venue/809160,3264772,Ella JazzBar,9.819818,http://www.bandsintown.com/event/3264772?app_id=epfl
Micha Sportelli,http://www.bandsintown.com/MichaSportelli,46.792979,Davos Platz,2009-12-19T20:00:00,Switzerland,809160,http://www.bandsintown.com/venue/809160,3264772,Ella JazzBar,9.819818,http://www.bandsintown.com/event/3264772?app_id=epfl
Luk von Bergen,http://www.bandsintown.com/LukVonBergen,46.792979,Davos Platz,2009-12-19T20:00:00,Switzerland,809160,http://www.bandsintown.com/venue/809160,3264772,Ella JazzBar,9.819818,http://www.bandsintown.com/event/3264772?app_id=epfl
Seven,http://www.bandsintown.com/Seven,46.79953,Davos Dorf,2009-12-19T20:00:00,Switzerland,809159,http://www.bandsintown.com/venue/809159,3264774,Zimmerei Künzli,9.84465,http://www.bandsintown.com/event/3264774?app_id=epfl
Joe Beggar,http://www.bandsintown.com/JoeBeggar,46.79953,Davos Dorf,2009-12-19T20:00:00,Switzerland,809159,http://www.bandsintown.com/venue/809159,3264774,Zimmerei Künzli,9.84465,http://www.bandsintown.com/event/3264774?app_id=epfl
Jones N'Djemeia,http://www.bandsintown.com/JonesN%27djemeia,46.79953,Davos Dorf,2009-12-19T20:00:00,Switzerland,809159,http://www.bandsintown.com/venue/809159,3264774,Zimmerei Künzli,9.84465,http://www.bandsintown.com/event/3264774?app_id=epfl
Nuel,http://www.bandsintown.com/Nuel,46.79834,Davos Platz,2009-12-19T20:00:00,Switzerland,809158,http://www.bandsintown.com/venue/809158,3264775,Cafe KaffeeKlatsch,9.823501,http://www.bandsintown.com/event/3264775?app_id=epfl
Francesca Lago,http://www.bandsintown.com/FrancescaLago,46.79834,Davos Platz,2009-12-19T20:00:00,Switzerland,809158,http://www.bandsintown.com/venue/809158,3264775,Cafe KaffeeKlatsch,9.823501,http://www.bandsintown.com/event/3264775?app_id=epfl
Wood Step,http://www.bandsintown.com/WoodStep,46.79834,Davos Platz,2009-12-19T20:00:00,Switzerland,809158,http://www.bandsintown.com/venue/809158,3264775,Cafe KaffeeKlatsch,9.823501,http://www.bandsintown.com/event/3264775?app_id=epfl
Crookers,http://www.bandsintown.com/Crookers,46.1666667,Riazzino,2009-12-19T20:00:00,Switzerland,786973,http://www.bandsintown.com/venue/786973,3179788,VANILLA,8.8,http://www.bandsintown.com/event/3179788?app_id=epfl
Silbermond,http://www.bandsintown.com/Silbermond,47.3868602,Zürich,2009-12-20T19:00:00,25,772987,http://www.bandsintown.com/venue/772987,3036103,Maag Music / Event Hall,8.5168115,http://www.bandsintown.com/event/3036103?app_id=epfl
Subway to Sally,http://www.bandsintown.com/SubwayToSally,47.5666667,Basel,2009-12-20T20:00:00,04,747119,http://www.bandsintown.com/venue/747119,3108440,Konzertfabrik Z7,7.6,http://www.bandsintown.com/event/3108440?app_id=epfl
Gäste,http://www.bandsintown.com/G%C3%A4ste,47.5666667,Basel,2009-12-20T20:00:00,04,747119,http://www.bandsintown.com/venue/747119,3108440,Konzertfabrik Z7,7.6,http://www.bandsintown.com/event/3108440?app_id=epfl
Letzte Instanz,http://www.bandsintown.com/LetzteInstanz,47.494678,Winterthur,2009-12-21T20:00:00,Switzerland,45985,http://www.bandsintown.com/venue/45985,3127382,Gaswerk,8.70794,http://www.bandsintown.com/event/3127382?app_id=epfl
A-Live,http://www.bandsintown.com/A-Live,46.897954,FlüElen,2009-12-21T20:30:00,,778440,http://www.bandsintown.com/venue/778440,3139836,Allmend,8.624052,http://www.bandsintown.com/event/3139836?app_id=epfl
KIZ,http://www.bandsintown.com/KIZ,47.3666667,Zurich,2009-12-22T23:00:00,25,787270,http://www.bandsintown.com/venue/787270,3180488,DJ Craft im Kaufleuten,8.55,http://www.bandsintown.com/event/3180488?app_id=epfl
Psycana,http://www.bandsintown.com/Psycana,47.5166667,Bulach,2009-12-24T19:00:00,01,1413327,http://www.bandsintown.com/venue/1413327,5270667,DMT´s 72 Hour Party,8.5333333,http://www.bandsintown.com/event/5270667?app_id=epfl
Guy Gerber,http://www.bandsintown.com/GuyGerber,47.3833333,Zurich,2009-12-24T20:00:00,Switzerlan,337570,http://www.bandsintown.com/venue/337570,3044611,Q Club,8.5333333,http://www.bandsintown.com/event/3044611?app_id=epfl
The Bowmans,http://www.bandsintown.com/TheBowmans,46.497234,Adelboden,2009-12-25T20:00:00,Canton Of Berne,351767,http://www.bandsintown.com/venue/351767,3217818,Alte Taverne,7.56557,http://www.bandsintown.com/event/3217818?app_id=epfl
DECKSTAR,http://www.bandsintown.com/DECKSTAR,46.9495087,Berne,2009-12-25T20:00:00,BE,802218,http://www.bandsintown.com/venue/802218,3253437,Club Bonsoir,7.4426398,http://www.bandsintown.com/event/3253437?app_id=epfl
Pase Rock,http://www.bandsintown.com/PaseRock,46.9495087,Berne,2009-12-25T20:00:00,BE,802218,http://www.bandsintown.com/venue/802218,3253437,Club Bonsoir,7.4426398,http://www.bandsintown.com/event/3253437?app_id=epfl
Tama Sumo,http://www.bandsintown.com/TamaSumo,46.953159,Berne,2009-12-25T23:00:00,Switzerland,338840,http://www.bandsintown.com/venue/338840,3281029,Dachstock,7.440015,http://www.bandsintown.com/event/3281029?app_id=epfl
Ben Klock,http://www.bandsintown.com/BenKlock,46.953159,Berne,2009-12-25T23:00:00,Switzerland,338840,http://www.bandsintown.com/venue/338840,3281029,Dachstock,7.440015,http://www.bandsintown.com/event/3281029?app_id=epfl
Format: B,http://www.bandsintown.com/Format%3AB,47.3853683,Zurich,2009-12-25T20:00:00,ZH,547907,http://www.bandsintown.com/venue/547907,2995506,Hive Club,8.5204697,http://www.bandsintown.com/event/2995506?app_id=epfl
Jay Haze,http://www.bandsintown.com/JayHaze,47.3666667,Zurich,2009-12-25T20:00:00,25,789392,http://www.bandsintown.com/venue/789392,3185044,q club  djs4drc gig,8.55,http://www.bandsintown.com/event/3185044?app_id=epfl
Technoboot,http://www.bandsintown.com/Technoboot,47.54874,Basel-City,2009-12-25T23:00:00,Switzerland,169942,http://www.bandsintown.com/venue/169942,3296594,Das Schiff,7.58768,http://www.bandsintown.com/event/3296594?app_id=epfl
DJ Revolution,http://www.bandsintown.com/DjRevolution,47.3666667,Zurich,2009-12-26T19:00:00,25,199636,http://www.bandsintown.com/venue/199636,1250722,Sommerbühne der Roten Fabrik,8.55,http://www.bandsintown.com/event/1250722?app_id=epfl
Jocelyn Brown,http://www.bandsintown.com/JocelynBrown,47.3713799,Zurich,2009-12-26T19:00:00,ZH,497860,http://www.bandsintown.com/venue/497860,3278262,Kaufleutensaal,8.5359888,http://www.bandsintown.com/event/3278262?app_id=epfl
Gian-Andrea Costa,http://www.bandsintown.com/Gian-andreaCosta,46.55,Campo Blenio,2009-12-26T20:00:00,20,799703,http://www.bandsintown.com/venue/799703,3216662,Ski station,8.9333333,http://www.bandsintown.com/event/3216662?app_id=epfl
Nic Fanciulli,http://www.bandsintown.com/NicFanciulli,47.3833333,Zurich,2009-12-26T23:00:00,Switzerlan,337570,http://www.bandsintown.com/venue/337570,3182242,Q Club,8.5333333,http://www.bandsintown.com/event/3182242?app_id=epfl
Xtreme,http://www.bandsintown.com/Xtreme,47.38074,Zurich,2009-12-26T23:00:00,ZH,620982,http://www.bandsintown.com/venue/620982,3285229,SWITZERLAND,8.5268599,http://www.bandsintown.com/event/3285229?app_id=epfl
2 B Continued,http://www.bandsintown.com/2BContinued,47.426392,St. Gallen,2009-12-26T20:00:00,Switzerland,805230,http://www.bandsintown.com/venue/805230,3185097,CHRISTMAS TOUR  09 l Club Mariaberg,9.37371,http://www.bandsintown.com/event/3185097?app_id=epfl
GIUSEPPE VERDI GALA,http://www.bandsintown.com/GiuseppeVerdiGala,47.426609,St. Gallen,2009-12-27T19:00:00,St. Gallen,778530,http://www.bandsintown.com/venue/778530,3140257,Tonhalle St. Gallen,9.37828,http://www.bandsintown.com/event/3140257?app_id=epfl
DARKNESS OVER X-MAS TOUR,http://www.bandsintown.com/DarknessOverX-masTour,47.5666667,Basel,2009-12-29T18:30:00,04,747119,http://www.bandsintown.com/venue/747119,3159953,Konzertfabrik Z7,7.6,http://www.bandsintown.com/event/3159953?app_id=epfl
Lovebugs,http://www.bandsintown.com/Lovebugs,47.561136,Basel,2009-12-29T19:00:00,04,306296,http://www.bandsintown.com/venue/306296,3201372,Volkshaus Basel,7.593745,http://www.bandsintown.com/event/3201372?app_id=epfl
Dark Tranquillity,http://www.bandsintown.com/DarkTranquillity,47.5166667,Pratteln,2009-12-29T19:00:00,01,43060,http://www.bandsintown.com/venue/43060,3167161,Z7,7.6833333,http://www.bandsintown.com/event/3167161?app_id=epfl
Swashbuckle,http://www.bandsintown.com/Swashbuckle,47.5166667,Pratteln,2009-12-29T19:00:00,01,43060,http://www.bandsintown.com/venue/43060,3167161,Z7,7.6833333,http://www.bandsintown.com/event/3167161?app_id=epfl
IBIZA F,http://www.bandsintown.com/IbizaF,46.52087,Lausanne,2009-12-31T19:00:00,Etr,781376,http://www.bandsintown.com/venue/781376,3228786,D! CLUB,6.63175,http://www.bandsintown.com/event/3228786?app_id=epfl
CKING NEW YEAR,http://www.bandsintown.com/CkingNewYear,46.52087,Lausanne,2009-12-31T19:00:00,Etr,781376,http://www.bandsintown.com/venue/781376,3228786,D! CLUB,6.63175,http://www.bandsintown.com/event/3228786?app_id=epfl
SILVESTER EXTRAVAGANZA,http://www.bandsintown.com/SilvesterExtravaganza,46.961529,Berne,2009-12-31T20:00:00,Switzerland,814957,http://www.bandsintown.com/venue/814957,3301637,Inside Kult GmbH & 4 Music Entertainment AG,7.461566,http://www.bandsintown.com/event/3301637?app_id=epfl
The Prophecy,http://www.bandsintown.com/TheProphecy,47.4029,Dietikon,2009-12-31T19:00:00,Etr,781600,http://www.bandsintown.com/venue/781600,3160615,STADTHALLE DIETIKON,8.398821,http://www.bandsintown.com/event/3160615?app_id=epfl
Sven Wittekind,http://www.bandsintown.com/SvenWittekind,47.4029,Dietikon,2009-12-31T19:00:00,Etr,781600,http://www.bandsintown.com/venue/781600,3160615,STADTHALLE DIETIKON,8.398821,http://www.bandsintown.com/event/3160615?app_id=epfl
THE GLAM SLAM SILVESTER JAM,http://www.bandsintown.com/TheGlamSlamSilvesterJam,47.561136,Basel,2009-12-31T19:00:00,04,306296,http://www.bandsintown.com/venue/306296,3301947,Volkshaus Basel,7.593745,http://www.bandsintown.com/event/3301947?app_id=epfl
BIG BANG 2009 KOMBITICKETS,http://www.bandsintown.com/BigBang2009Kombitickets,47.540526,Basel,2009-12-31T19:00:00,04,634151,http://www.bandsintown.com/venue/634151,3158464,St. Jakob Park,7.619995,http://www.bandsintown.com/event/3158464?app_id=epfl
BIG BANG ST JACOBSHALLE,http://www.bandsintown.com/BigBangStJacobshalle,47.54055,Basel,2009-12-31T19:00:00,Etr,293615,http://www.bandsintown.com/venue/293615,3158469,ST. JAKOBSHALLE,7.617658,http://www.bandsintown.com/event/3158469?app_id=epfl
Big Bang 2009,http://www.bandsintown.com/BigBang2009,47.54055,Basel,2009-12-31T19:00:00,Etr,293615,http://www.bandsintown.com/venue/293615,3158469,ST. JAKOBSHALLE,7.617658,http://www.bandsintown.com/event/3158469?app_id=epfl
BIG BANG RHYPARK,http://www.bandsintown.com/BigBangRhypark,47.5666667,Basel,2009-12-31T19:00:00,04,781063,http://www.bandsintown.com/venue/781063,3158471,RHYPARK,7.6,http://www.bandsintown.com/event/3158471?app_id=epfl
KINGSIZE SILVESTER WINTERTHUR,http://www.bandsintown.com/KingsizeSilvesterWinterthur,47.37706,Zurich,2009-12-31T20:00:00,,800695,http://www.bandsintown.com/venue/800695,3222555,Inside Kult GmbH Zürich,8.53955,http://www.bandsintown.com/event/3222555?app_id=epfl
KINGSIZE SILVESTER BERN,http://www.bandsintown.com/KingsizeSilvesterBern,47.37706,Zurich,2009-12-31T20:00:00,,800695,http://www.bandsintown.com/venue/800695,3222555,Inside Kult GmbH Zürich,8.53955,http://www.bandsintown.com/event/3222555?app_id=epfl
AUTIST,http://www.bandsintown.com/AUTIST,47.37706,Zurich,2009-12-31T20:00:00,Switzerland,789007,http://www.bandsintown.com/venue/789007,3184265,HIVE CLUB NEW YEARS EVE,8.53955,http://www.bandsintown.com/event/3184265?app_id=epfl
Gabriel Ananda,http://www.bandsintown.com/GabrielAnanda,47.3666667,Zurich,2009-12-31T23:00:00,25,328406,http://www.bandsintown.com/venue/328406,3254264,Rohstofflager,8.55,http://www.bandsintown.com/event/3254264?app_id=epfl
Figure of Six,http://www.bandsintown.com/FigureOfSix,47.053932,Prod,2009-12-31T08:00:00,Switzerland,768907,http://www.bandsintown.com/venue/768907,3093817,recording the NEW ALBUM,9.436726,http://www.bandsintown.com/event/3093817?app_id=epfl
